S Counts ErrUp ErrDown
4.95669 2.2633 0.1979 0.3740
4.34764 2.1730 0.0717 0.0860
3.89944 2.1432 0.0752 0.0910
3.70629 2.3021 0.0687 0.0817
3.55328 2.3141 0.0678 0.0804
3.455 2.3832 0.0630 0.0737
3.35449 2.4809 0.0406 0.0448
2.93247 2.5525 0.0450 0.0502
2.79588 2.5171 0.0501 0.0566
3.40892 2.4417 0.0549 0.0629
3.20085 2.4628 0.0478 0.0537
3.03981 2.5360 0.0342 0.0371
2.92065 2.5326 0.0283 0.0302
2.76193 2.5555 0.0210 0.0221
2.60423 2.5165 0.0169 0.0176
2.4456 2.4747 0.0135 0.0139
3.09934 2.5676 0.0540 0.0617
2.71767 2.5337 0.0455 0.0508
2.49415 2.4936 0.0359 0.0391
2.29667 2.4838 0.0268 0.0286
3.09795 2.5011 0.0438 0.0487
2.71349 2.5360 0.0339 0.0367
2.48714 2.4760 0.0268 0.0286
2.31175 2.4477 0.0247 0.0262
2.18469 2.4400 0.0229 0.0242
1.7881 2.1979 0.0997 0.1297
1.37493 1.8293 0.0764 0.0928
0.961658 1.6618 0.0501 0.0566
0.548144 1.2341 0.0645 0.0758
2.52737 2.4438 0.0764 0.0928
2.30535 2.4049 0.0778 0.0948
2.15534 2.3896 0.0616 0.0719
2.00432 2.3513 0.0515 0.0585
1.85333 2.2347 0.0466 0.0522
1.70286 2.1425 0.0426 0.0473
1.55267 2.0748 0.0384 0.0421
1.40157 2.0529 0.0343 0.0373
1.25115 1.8681 0.0369 0.0404
1.10106 1.7672 0.0390 0.0429
0.950851 1.6618 0.0481 0.0541
0.78746 1.3016 0.0876 0.1099
2.11394 2.4148 0.0580 0.0669
1.83315 2.2426 0.0559 0.0642
1.62428 2.1238 0.0569 0.0655
1.33244 1.9331 0.0314 0.0338
1.04139 1.7501 0.0527 0.0600
1.45179 1.9857 0.0857 0.1069
1.07918 1.7536 0.0778 0.0948
0.778874 1.4241 0.0807 0.0992
0.32838 1.1515 0.0678 0.0804
1.99564 2.3376 0.1063 0.1411
1.69548 2.3164 0.0678 0.0804
1.39445 1.9227 0.0638 0.0747
1.16909 1.8365 0.0687 0.0817
1.0187 1.6309 0.0697 0.0831
0.869232 1.5165 0.0661 0.0780
0.718502 1.3856 0.0623 0.0728
0.568202 1.1998 0.0669 0.0792
0.418301 1.2296 0.0559 0.0642
0.267172 1.0615 0.0661 0.0780
1.91062 2.2232 0.0740 0.0892
1.39445 1.8963 0.0764 0.0928
1.09342 1.6846 0.0610 0.0710
0.869232 1.5536 0.0707 0.0845
0.718502 1.4277 0.0630 0.0737
0.568202 1.2702 0.0661 0.0780
0.418301 1.1467 0.0687 0.0817
0.117271 0.9012 0.0580 0.0669
0.703291 1.2381 0.0969 0.1249
0.25042 0.9754 0.0919 0.1167
-0.0501223 0.8491 0.0969 0.1249
-0.350665 0.6639 0.0897 0.1132
0.522444 1.2387 0.0792 0.0969
0.071882 0.9618 0.0919 0.1167
-0.230623 0.8421 0.0857 0.1069
-0.531653 0.6806 0.0969 0.1249
-0.924453 0.5195 0.0661 0.0780
-0.774691 0.6075 0.0574 0.0662
-0.625252 0.6926 0.0536 0.0611
-0.473661 0.6926 0.0591 0.0685
-0.323306 0.7044 0.0717 0.0860
-0.172631 0.9036 0.0697 0.0831
0.205746 0.7899 0.0653 0.0769
0.806044 1.2272 0.1063 0.1411
-0.195861 0.7306 0.0807 0.0992
0.256958 0.8146 0.0653 0.0769
0.85697 1.4628 0.0707 0.0845
1.73695 2.0838 0.0897 0.1132
-0.304518 0.5826 0.0839 0.1041
-0.00392635 0.9596 0.0717 0.0860
0.297104 1.3650 0.0669 0.0792
0.897627 1.4314 0.0807 0.0992
-0.876148 0.4921 0.0661 0.0780
-0.623423 0.6744 0.0876 0.1099
-0.501689 0.9227 0.0764 0.0928
-0.327902 0.7120 0.0857 0.1069
0.0519239 0.8519 0.0839 0.1041
-0.872895 0.4314 0.0697 0.0831
-0.617983 0.6575 0.0943 0.1206
-0.496209 0.5927 0.1144 0.1558
-0.323306 0.8407 0.0764 0.0928
0.0572856 0.8600 0.0876 0.1099
0.612784 1.2697 0.0638 0.0747
0.885926 1.4983 0.0569 0.0655
1.08027 1.6985 0.0435 0.0484
1.29885 1.7931 0.0356 0.0388
1.58659 2.0415 0.0360 0.0392
1.91009 2.2580 0.0450 0.0502
-1.39577 0.532754 0.0616382 0.0718565
-1.24872 0.544068 0.0402632 0.044381
-1.09205 0.597695 0.0417913 0.0462452
-0.912219 0.63749 0.0428458 0.0475401
-0.734004 0.612784 0.0518581 0.0589008
-0.575118 0.620136 0.062009 0.0723613
-0.377993 0.596597 0.08735 0.109459
-0.201004 0.603144 0.114526 0.155986
-0.0051991 0.834421 0.125098 0.176409
-1.53313 0.49693 0.0545203 0.0623607
-1.37675 0.431364 0.0413927 0.0457575
-1.19791 0.365488 0.0461317 0.0516208
-1.00877 0.40824 0.0481261 0.0541315
-0.843451 0.311754 0.059314 0.0687158
-0.657577 0.564666 0.059616 0.0691217
-0.50948 0.558709 0.0737487 0.0888866
-0.309272 0.557507 0.102409 0.134261
-0.157017 0.565848 0.125234 0.176682
0.0411952 1.04493 0.106132 0.140757
-1.18046 0.521138 0.0216873 0.0228275
-1.09151 0.584331 0.0231238 0.0244246
-1 0.513218 0.0296078 0.031775
-0.91364 0.489958 0.0350863 0.038172
-0.823909 0.600973 0.035515 0.03868
-0.737549 0.639486 0.0399414 0.0439903
-0.649752 0.604226 0.0480203 0.0539977
-0.560667 0.724276 0.0487788 0.054959
-0.47237 0.652246 0.0604034 0.070183
-0.38405 0.650308 0.0698518 0.0832812
-0.296709 0.710963 0.0750781 0.0908271
-0.208309 0.775974 0.0843637 0.104801
-0.120331 0.607455 0.110215 0.148063
-0.0319843 0.739572 0.109847 0.147396
-1.22915 0.604226 0.0752018 0.0910085
-1.13668 0.545307 0.0556658 0.0638645
-1.02687 0.690196 0.0493763 0.0557188
-0.924453 0.628389 0.0555582 0.0637229
-0.812479 0.758155 0.056093 0.0644277
-0.705534 0.788875 0.0617711 0.0720374
-0.596879 0.705864 0.0780399 0.0952035
-0.484126 0.818226 0.0804993 0.0988946
-0.379864 0.906335 0.0840038 0.104246
-0.266803 0.858537 0.102884 0.135082
-0.175874 0.829947 0.119443 0.165305
-0.0433514 0.899273 0.139347 0.206426
-1.24413 0.396199 0.0780169 0.0951694
-1.14267 0.514548 0.0513001 0.0581817
-1.0655 0.563481 0.0638848 0.0749304
-0.982967 0.60206 0.0511525 0.0579919
-0.882729 0.600973 0.0522396 0.0593937
-0.759451 0.702431 0.0526817 0.059966
-0.540608 0.658965 0.0528424 0.0601743
0.439333 1.11528 0.0558636 0.0641251
-1 0.592177 0.120473 0.167295
-0.91364 0.628389 0.0834183 0.103344
-0.835647 0.647383 0.0383588 0.0420779
-0.764472 0.695482 0.0401172 0.0442037
-0.686133 0.674861 0.0344088 0.0373714
-0.596879 0.669317 0.0348336 0.0378731
-0.486782 0.640481 0.0343797 0.0373371
-0.349692 0.666518 0.03505 0.0381291
-0.197226 0.788875 0.0352507 0.0383667
-0.0245682 0.902003 0.0345109 0.0374918
0.217484 1.0607 0.0341225 0.0370339
0.691081 1.37985 0.0341208 0.0370319
1.52244 1.92629 0.0540306 0.0617206
-1.33022 0.513218 0.0430849 0.0478347
-1.15021 0.572872 0.0367228 0.0401172
-0.970211 0.618048 0.0428174 0.0475052
-0.79019 0.604226 0.0585318 0.0676676
-0.610196 0.591065 0.0791812 0.09691
-0.430193 0.667453 0.0967232 0.124628
-0.0647951 0.71433 0.106528 0.141458
-0.950782 0.426511 0.0418361 0.0463
-0.850781 0.44248 0.0432417 0.0480281
-0.74958 0.428135 0.0518721 0.0589189
-0.649752 0.475671 0.0570832 0.0657381
-0.500313 0.567026 0.0478708 0.0538088
-0.299296 0.598791 0.0639673 0.075044
-0.0996329 0.786751 0.0717858 0.0860477
0.257439 0.952308 0.0697077 0.0830763
0.763503 1.49388 0.0876184 0.109881
-0.0809219 0.693727 0.0466357 0.0502743
0.071882 0.799341 0.0469966 0.0519287
0.220108 0.956649 0.0476728 0.0524742
0.371068 0.999565 0.0504274 0.0555766
0.522444 1.21484 0.049974 0.0564814
0.673021 1.29667 0.0535828 0.0586191
0.823474 1.43136 0.0557746 0.0621479
0.974051 1.55871 0.0593395 0.0659482
1.12385 1.67943 0.0632972 0.0698335
1.27416 1.89321 0.0639214 0.0703851
1.42488 1.82282 0.0813527 0.0888224
1.57634 1.96848 0.0880408 0.0963267
1.72673 2.09691 0.0962146 0.105684
1.87679 2.30963 0.0986098 0.108233
2.02938 2.48144 0.104018 0.114087
2.17898 2.1271 0.199231 0.240614
2.32838 2.41996 0.185349 0.215836
2.47857 2.10721 0.367006 0.463757
2.62941 2.5172 0.296385 0.349879
0.149219 0.859138 0.00477908 0.00483226
0.198657 0.883093 0.00508614 0.00514641
0.25042 0.959995 0.00520686 0.00527005
0.30103 1.00173 0.00516 0.00522204
0.350248 1.08884 0.00527703 0.00534194
0.399674 1.10312 0.00578387 0.00586194
0.450249 1.15106 0.00578865 0.00586685
0.499687 1.1878 0.00615634 0.00624486
0.550228 1.233 0.00630337 0.00639621
0.599883 1.27852 0.00658206 0.00668336
0.650308 1.3126 0.00692201 0.00703413
0.699838 1.35965 0.00696392 0.00707741
0.749736 1.40243 0.00733076 0.00745663
0.800029 1.43584 0.00773151 0.00787165
0.850033 1.49665 0.00781792 0.00796124
0.899821 1.53832 0.00809693 0.00825076
0.949878 1.57101 0.00854529 0.00871681
1 1.62366 0.00869334 0.00887092
1.04999 1.66285 0.00906078 0.00925385
1.10003 1.70475 0.00941114 0.00961961
1.15014 1.73711 0.00991008 0.0101415
1.20003 1.77656 0.0102665 0.0105151
1.24993 1.82073 0.0106951 0.0109651
1.29994 1.89048 0.0107089 0.0109796
1.35005 1.93232 0.0111235 0.0114159
1.40002 1.90374 0.0125551 0.0129288
1.44994 2.00381 0.012183 0.0125347
1.49996 2.06036 0.0124433 0.0128104
1.54998 2.01246 0.0143208 0.0148091
1.59999 2.12946 0.0136442 0.0140868
1.65002 2.07907 0.0157128 0.0163027
1.70001 2.14029 0.0159582 0.016567
1.74997 2.20458 0.0161544 0.0167785
1.80003 2.25343 0.016638 0.0173009
1.84997 2.23676 0.0184603 0.01928
1.89998 2.31931 0.0183047 0.0191103
1.95002 2.3631 0.018949 0.0198137
2 2.34994 0.0209268 0.0219865
2.04999 2.36466 0.0224058 0.0236249
2.09999 2.41246 0.0230972 0.0243949
2.14999 2.3922 0.0256823 0.0272971
2.2 2.51671 0.0243101 0.025752
2.25001 2.41524 0.0296003 0.0317663
2.30001 2.48864 0.0296548 0.0318291
2.35 2.50664 0.031594 0.034074
2.4 2.56996 0.0320034 0.0345508
2.45 2.57513 0.0345817 0.0375754
2.5 2.48559 0.0414559 0.0458348
2.55 2.47222 0.0456667 0.0510391
2.6 2.53269 0.0463952 0.051951
2.65 2.54646 0.0496017 0.0560062
2.7 2.56135 0.0529441 0.0603063
2.75 2.51623 0.0602829 0.0700203
2.8 2.80083 0.0480392 0.0540216
2.85 2.68353 0.0591683 0.0685202
2.9 2.43678 0.0832815 0.103134
2.95 2.69026 0.0689714 0.0820317
3 2.46045 0.0995555 0.129384
-0.522879 0.623249 0.101027 0.131888
-0.187087 0.612784 0.0861861 0.107634
0.158362 0.90309 0.10551 0.139662
0.499687 1.08279 0.147664 0.225453
0.841985 1.4183 0.176091 0.30103
1.18441 1.63144 0.231879 0.531073
1.52673 2.32077 0.198008 0.374317
-1.77258 0.811575 0.0909718 0.115219
-1.67052 0.812913 0.0557311 0.0639505
-1.53174 0.786041 0.0393849 0.0433161
-1.35565 0.759668 0.049218 0.0555173
-1.1338 0.845718 0.0435837 0.0484505
-0.911954 0.795185 0.0711027 0.0850672
-0.673394 0.649335 0.0830589 0.102792
-0.173394 0.62634 0.113232 0.153584
-1.46725 0.414973 0.208276 0.414973
-1.37263 0.612784 0.172546 0.290565
-1.27165 0.732394 0.154097 0.241032
-1.17328 0.755875 0.15261 0.237361
-1.07676 0.845098 0.137173 0.201645
-0.960189 0.716003 0.159058 0.253605
-0.784362 0.70757 0.161662 0.260412
-0.377786 0.792392 0.147128 0.22419
0.80618 1.15534 0.095084 0.121912
-1.20621 0.41162 0.0698229 0.0832401
-1.02136 0.401401 0.0609975 0.0709868
-0.827397 0.459392 0.0630517 0.0737862
-0.543179 0.62634 0.0647411 0.076112
-0.0697643 0.818226 0.0897226 0.113218
0.716003 1.74036 0.0921462 0.117113
